$ANSIBLE_VAULT;1.1;AES256
63343034653430333935346666656130386232313839316430633139383863653537626638326264
6339303661363832646164323933343762626337313234650a363935393262656165336333656365
38313364313237626235373930316138343533633030316564636136396264613739346262656430
3433633931363365610a633064366264376561343236326262383838313837343134653930386338
30373935303539383761323135356537653732363564656238346663613561376637663037393163
32363863386536613137333637633863333463323866663632356666303763636662333338643864
32663066323630326135353432303665386161373232323539633136306136303035336232623265
36643534376534653166656630643533396561316438363035393232356163303566383530386237
66653434313161353364663165393936666132643062663230383463316665343163663062616134
36363038393665376139316466373537613162326336316235303630363736353061333366646265
35346636636436356338313630306433663332383561353132393765663037663161643131653833
63656631336461386332366536613136393532366638373833623434343463646332323466383230
39316430376437376164613265643335373239353538313735333365663034613538396239633438
38643733356462373839343966316263356263303066356661353630363637336432316133623765
66323136303165353237356231343230343533623364303630366133646334333535343934316566
34353538626462323736386132313063343862663834383933623763613330343530326363613436
38363435343639373531646462316665333564336634343462386636613934353766383265343332
64653130343936643265393835633532313766383361363833633132303037366164333838613931
62343532663037613465386137623637653937326662333635623233326531393965663662663536
34373238666362636364363434303433303338643331636262643434386432393834633331336461
31613932393638636232623439653134386563653636666461313033366566336235666437636430
64373230326163633163643734646663363430343162633666616333613762633166633239373862
66363039396238643135666136356339643235393338336132393236626365383233393661646333
61653331626463333066333461336431666162326364333830393231343864376163326630623536
33323439303665333632386137646664303837336361656361366330396164306336366665303664
62333335323632386465333737616463343766306134333332363235626363633861653839356136
31323765313766633164646666643962336262376532373063633962336435623039633866373362
30376466316565316131663632303238363138383333613730616632373061623439336431303837
62376134306434616637616561633634303639333435633138313936386536303264396232353263
62363936343464326364316632623736396438396466393265393038356264663737313631663837
64613131363331653432346566323038613036613136396432326362396631626335653735623362
32623266356136366537623161643736383432323237393231636430616435636661386334633365
36323866626533383332383565653936646132363462393363333438373164646463323462616637
30626430396133663932366134376466633363383834653166323463633231626139666239643837
30316164356531623135313532636534393333663165653664306362626336613330656237626636
38316664333937656466353634616435633764656437613737623632353238323164323933613136
62646635383164653066316135616264396538633430316337356462393233316566663335643636
35393739336463663563353064626262373263626431653332373435306437613330353932396332
61363431356262343363626661333734393565616538373837373134666561623464313836396264
66356266326538663462306633316161643962313063323838383664373066623133626662623836
38353832353534396163623931393366386432313464323537636430316663653133353465646432
65343762666631636231393462313364303364343930623261303230336632393935396461613037
61366631633736363532376262363238353032613035396465303764386431386433636330346330
37303238336136316562333739623535376639396464323563666133613764666564363664613166
63653432333234353032636663376230346664613036393566366265346436616161393331613537
38663065386538353666386261306438373537333563353066306365663737393537363530363936
62383037653364613231643464363364633633636566383266326237316337386339613363316637
32323833303238623066
