$ANSIBLE_VAULT;1.1;AES256
30343861653532373662323365616233376335623163303832306136353437303064363034323864
6462323730623737316433663466343933613763623230660a313965633636333632303861356561
66313535313331313338386666316539353336333433313462356631666163663934366435646635
3238306339396661660a663637383639346436623061316434343136636363633338363236363036
34666365616566313130313633623465363562633138323762363661653334353766306332653530
65306434346637306533386233306161353338663431393739343431643262323330616536623132
66376230373333306138323735396665303039303136323532633462326262353563323861313563
39376138343131633332373435393136366662646362323261323266333133316339336161323938
64343437613431376233336631356335646332326337663561623936323330383832303236376338
38643465386635363931656262396131356336356335656130323862353431363761386161353336
38653336383137633738613034646530393165393335616638393836323934343164346166336130
35653835306565323335393730623236336232353533316163393333386166636635343633393766
33623666613436366632326438386233623438346536636462613134343239643965333337343664
39323463666238333935376137386538623539343337353663616533353866643465613033623137
35343066653664376430633633356337363533383362623934363439343633653937343966356465
63346565623662353266386131316436393638396337386564326336323937643832636236333466
34386665366464393466373262666165636134303437636535653531333335343034326234656166
64393837386238646432366266373830343137363366666530343835306566626431666435346334
66346633663762633164613762323937623536633230353338383032343665613263333133316565
38333734313766653732356134626264363861353532663034343633343461633836376431636432
38653166353966316336663731396266366534623064353535333532356533376134373232356237
34333364346364623035616364613932376237663965373838616136643763363130303131653965
61306662643637663430626637323839313837366334383734623631396263646635393337396137
62313265313961363962616633333466393135613231313237646437363239646165363936643433
64303336396431363664313236613164663066333434346236353636383664303465666238353133
64653765666265393263386231396366383465616439616166323063343539343534386461333837
63653461303433636663623633613234653333323837636337626363323839656263323232363237
31616231633034643366326530376538613930653334666333316432383230613532363232356232
35353731346339306137366165636261616134313764333062633862663565626364396630613330
36316563646236336134613564303266353432316531306437303835353537656137336234643336
31316430643139373865396561663739383132633834363636303663346565643236623266343563
38613232346330653238376430663263353666393432643930353965663836393463333563383233
66366263373163383362616565383433306366353631363665633265363731313761366364346530
35396466383566353061343961333363376632396334366136643962656464666532383161336262
34326532633035333830313561386263653039343935373535643839376264323733386363653236
36646264653934393537363131343534376436376239383661346633346239623765613164383030
38616632316336323061666165643936633066356333366366306631656361323131386263376336
61393762396536306530313362613966633063313666346334343334326235636466643036653632
64323161633939303931343139663466326161663164653065373637396535396564303831346139
64396464303233633235346331333966623563386531663262326262356437383535336439616135
39613934303461306334616432643062663166366231376335373064613735636339376137343639
36373434616263376630363235303661383535353831333037653564303463333332623839616138
35313731343261376661356532343737643063613931633637663339333437313766356263383662
31303937363365623831656364396134663133326262336661623335616365663538333934613230
35373764396334623665633130316137353830316535316239326634336337373231343235623563
63373836636238356463336564323462646634353931653530326539313461316137383739396364
31643230383734663133636430356335626134356431653363373336653230396364643162383139
62323934653031393831303233363764643938366635333334666433636533623062623837393135
35363364363438626534613835626338633338383936373763313561306431393233633064363135
62383934363631303064373732366339643137323666666637306332333363616332303165303033
30313864316633613637663031363561316661633336613363306262373261373265616264313665
39633564316464386434613462636431643937336433663037633732393631643261376337636136
64336338363764643134356639633437626431633732363637383432306365316335646236633861
30346365333962633963656330646438353737633530306432323262396538613233633863353738
38623830346334393366643662313631316537323064643963383761636437623165663531626431
31636361393761313532333734613962626230653330383830323561383162386166623333663530
39393363303061316361353832346133343532633434646465303132663061633766623034376139
3763313730613865633139663635613830643534313836663032
