$ANSIBLE_VAULT;1.1;AES256
37653364356534306466393539626362663637623632393364396133616535346436373835643134
3162636432373565303334336365353761656166646434370a306434323631336430333336626635
61623338653230383132336366643332636636333138633764613936313264333830343532346232
3365396535373238330a653332343061633230323333653839616239663864646566633466393765
64383066373364326539343766353336653565393235633438393032363936626238363539633661
30363165353461663033303431663039383333373332663063363633393464323433643336313163
30623430643162343564613266383636396262633733653762663534383935646635646437393434
61623563326531376465343333376235333235656266303435316366616336613463366132323739
35396563323631646330633361663938336430376638353863613835666335653531333235333738
33333331633765313738666436613963643165326565633866393838643239353131363162646332
31333534343233353236303238383661353135613166666463616339383138326362663930323436
39383039646334376334316463303465323662373333623231333337633239343738616265633461
37323530343564353765336663383062643761346134323766623332373635353630393764356235
32336137626664363539613037313361353262376361313661613030326663333064326362373938
63663635633263636233663934333730636235653264323436623761316463313335363332643235
32306538343336333638393238366539633738313864396436336632623361646465356464386639
38393635346138366233383333393931323934396163663535373865346630363061626332306662
32383636353233656230623235613264386136306265386262643530356232333237313562373564
61613333343738373034613333646439353762393630386566356332663837376164653163336238
61663365326662366330663730313331316334313361383531373265313839316538326434366331
66636531346361643965343935363339626631616662623461656239626431323265343866626533
30626334363234383530636534366464366235333438646665666131623939353030643764303465
62363366623639333066376134363965343061356135336262313233346166393962373932353534
63313930613864663365366439623865383166353335313032376232376136663038633563613061
32393765333038333564336266333831363264346137656338376537626161393830356239356139
36356264633162386130343635363937336130633061393363303535633965323939373333393438
35663861613231616433396434326138383466326432613361663838356530653038623762623036
64303839373665396565333964343263613136356435383266646262373438616562336338366564
30363662396361653131316666626439343062323063393933373564306434356637656631316134
32373437366531343332313930356638333863326534656565323962386363356463616432663033
37356335373063376661666264356637366162386136373838343031663230313231396336623833
34393230343764343532363530353863346631666166666564643632626361383433326565346666
30613531633337626137396336373864623265303064363930646130306230353937346466626537
30646232643865366531356234396335616631643436333466323533653865656239393838383338
39363264333161623735393838393764393535356266343137613734653330633861353239383461
33393839363163316333623764326432636233343964356634636564336461353636646133333739
35633534396432353762613235653235653239343564383766353037626462353633383736353439
30646163376261383935373230316330613439656633383235316130383163386135306436323738
62323533656464613663306665373335303333623731306533613962323864326632313034353865
31666537356265663638646366386532316430633835396238356463363864626166346437663634
34663265643161646630326561343739386130383537613336623535383935326137306131363064
32303136316539623933336461643835306565343862396638616432303533653233353334626336
65663938333738396438353636376438383763653965366566656532366637333761383039306561
65306562653661656665396139353464666331376564323931373363663335336666313238353737
64366137366231363562633139373065616433663837636661663934623631336534653665646362
31663563363536373339393539663066363637323565373862656633333031663665636462363932
62303161653461663838323332386231326437646534383636363235363161613865353330353138
35313864646434616338383565376235333238363163616165643035333738656437326131376161
66386433663139386362386466653031353632353536376562393232333430373232646631336165
30646339663866326366333437323036313831366136323539326332373264383230396630353965
61613339363762623130306131343131626431393166383433383561333764333933653361323266
36626466666266323661653330643965653130643266343035303733303131373636366132333332
34303739613135303032626437316261633632346361653933313736323637666261303062343133
36386336303135613761383332623661383162356330626438306666613664613836643730626530
66666462323832636235633132346461616466373439323264623463366535343239376562363338
63613166613666333038363963613566303933373530363031653730633466663462653436353231
34303631653065313036373838613331343435393030646538343562643834646463
