$ANSIBLE_VAULT;1.1;AES256
61336532356465316363306561323130353030663839383530343336373835666539616663623463
3137306661633631633565333030663938666433623466630a313066346635616434626333613266
35656465393061356361393836333339623931363831366131663438663164363733623461376437
3439323434626339330a643166326363393437656266613836376135336138303332646662333762
32316534326264306361346366353732376161643361333230333237393262633330623136653038
33653438323939326238313232303530373161323862663438376236616666356137323430613365
62366232613666383161613637626539653264623635383737613665316666616432326462366538
64393536663664393066626662306132616462643935313335323231353132663364303839633866
65346262363961623261633362663763393531316663353162363562336635356633646164313532
37313036333235336162323965313839646439323535396663306664346231623836346463646661
39366330363638326133303135366361633135656632386339366564613665366130313563323666
36653039666265623863353765376263373839653862623731356236396162306534303730376166
35396166656565376435656632333965303434653930306564373831383065663262663363343066
33366137653366656265643039326465363466633138346235613263613264333332343135623564
30303538386138383564623461646636636335353763643939333735303435373966643438613232
31643662316533663934303064343961386261393735386434613936393337613134653833383632
33633865323563646334623662323436316238323561316562383937333361303435383664313036
39383161343938613162313661313062633463373763303563393766366134316436323230656665
64643137313864353834313134653062643737386438376434383266333334333631336463333763
66613166613863343461333339303636383638366535656534633839373037313965356661653835
35616330363238666436373939356239383238623264636239623932346236336432343134373062
30663832343539346431316234363964336239623931623562393366633130346566336432656138
63626338306162626364363535306534383133653832333065666437623966613764376135623135
65383565396366326366613132373161656337383935646231366430376233336563613239626530
38323039393532303235643239656634306462366231313035663935376338303735626261646430
65323761643465343764646238353537636463356663343834656137366661386431393233306332
38656232383564626165386639393637303539636563333961646531396364646231663832616364
66383530346238343961373530366438313466393736346138373639646463336634653061393632
31306531303266626632613933396538616561663636393466616337623334353133356134353532
61366464333530643163303064363031663734353130323266666435323637323132626662613564
64633230313032623335313763353839383762343064656334633835333762643134643134633364
61623166393739343837373462376463636631393361343238346530383230653137383632663837
66656465323362353733623666323562366331336136393934353964336232646166613535663763
65643362353935393733613738663534346266313261643064393764663436376132393863646238
61366337613961383630653263353039353163653838613961666337333736343437623361633338
66343064623934653432393961343865646465633062356165306664343964363962666439353837
32653065343362333232376130666537303465663231663835366130323038373530653364333636
62663135663230643539353133643834366166643966313162656564653134313634376132376561
33393564313734393532303534633030386462353836383731633832623930636563333362326663
63643864633262363130613663313662396230663933663164646566386664353230333066383034
33373963663466386132626234373263303566323232616332393238623435626264663735633465
38633362373964646462616465333435383866653462326435663366613039316436343062353530
33666462343865313364393764366636616663646231636162343062633539343031626134393064
31353135383238333435373832323564653434323831363437376338393938346133613163393261
36666132343136326165343264653638636634643466323133616661656138353639393232363863
36353533363636633464393038323064643233326337626138666539353332323132353739653666
34386539333831646561653461633663646334393538633337353435333761663236646464343832
30613662323561306633323631313662663933623264376432666433643936326334336565323562
62346531303138616536323765363336633233663735613333333230613731646332316131393134
39353134656331613766316637656463653463306234623166333135656564373265323634396636
35313931343166366566663030613566393534363034376332626265623237636131386630653462
33353532633230373661326336356462616131363932363535356465363733323237393238396233
61393932643137356561303135656331363862363935633136663735323230333864
