$ANSIBLE_VAULT;1.1;AES256
63373539386166663530343165303038616132663861643963343231393437313239663239653237
6638366138646437383036313962643230383839636365660a656139363066653237623933643334
63626262366663633062333130366133316666396634633233643565353038393339663165336262
6463363130303133610a643063623666636564646362326338396439303061656163663665366362
30636463633331336465626534386634323432306636393462333865323831333365383239333761
63386133353437326539303634623465303232643733663561383063653535623439306262313234
31666230313763376335343739376263323363343633636539366333633964373465393831663833
32656466393564343865633530666461616666633435666261373137376565366362656362653866
62336538643333336533663539396439636631386536646235656165393339326165363430623931
37626362396331343365623465643432663039636661303137623265643037646430663063363439
64383737356335643266656463636434303435393734333239363563363638363939343863353035
64343631356462393134643662306466356435393663383465346435323339613133633461613664
31333633326261666161353734656232643038343364316330643864376435333031383663386536
65356431623834313662336231626539336332646133316237653338643437313361383565663662
37383531633963376364393538616434663234636261623764666265663661343162353532316463
66386464656262326161643566313061623739306333393966393633376437363537366639656135
37666661376438303465326139316334646265303337356236313565316161653461633933306339
61633465386163306432373966343236666536396539373139326239336463393434353638333966
34313238333435306430383566306132333162613535626361346434313637373131636135316362
39343034343965376133636539313130653163633637363836373038633338663230373934383961
66643564326135336166333739663138616332656639666165306266616134396661336132656238
66363432386236653765343061353066623333373265663932643065376263373262326163343464
34336138373261396566313039643334356435383336616563336561383235303163666439336630
34663466663838313938366232366435616431643939363963303538313262623462396466343261
38303161663537373032313835633966333230666336333338376130373237366539373431316332
38663464393730666432646534623536636263343666303032333265366332663336376430633737
63313735383534303363376634363332616562623230313937656534393864346365616633343564
61613435303032353064346161636362306330393661326435663763623765353737633362313038
65393762333539633536346534356565336465333165663730643739393332386563663231636362
32653331643566343661356533653335626234633839323664316534333133333363663134626230
34663561616330666636613439666662326234336131343266326438303633633034373737313261
64613635623034386634616638353034646532326366393633613230353937386165386232326333
33663638333137653665313635316135666533373262323239373333363864373431346637336636
34323835306631616465626335653364643565393862653461323231313632373966656263316438
34386238623131613662326463633138656364383036646136626333363832666536363661343137
63656434613666643361396532666262313265643162336162383462656166663932633835303337
35633662616633633132623033613364303530343736633534326533366634353133323061316635
37323663343437323637653938376131303464336239366638303435633135626231326531663862
66613966366664653763326661393837616462336537643334356430643931646339386336333333
66623461666633653035356265306530363635353264653361353530333564323865633462376330
32333334643938386330343533656565313736383362623331613339356136383535643634346537
33666630303765323464653933333934333862376232646434306130326363336264316462613365
33323633653738346334333262613963326134303839353433323937636532393363333662346630
32616330626364633662376162646562376166363536386265373430646239393936326138343534
35333765353362663339663535383138393662356266636463623665376564623762356334336536
37313739646362356562316232666339666131616133363963376266336166366337336662663830
656430303931366235363237346435666163
