$ANSIBLE_VAULT;1.1;AES256
65316563613131643037623039333662323762363733633662643134363263363636643430323064
3663373032356466326264643532316665306539666530380a346534396365303039323161306539
65353630313564656365393737646232386231303635326236313463303364316131636534363936
3636333361396163360a613662393361313430393162393634313163663132626337323533656438
35616465663666333966363236333433633265656536343766646333613633316166643436316431
65656537386332643935653134653864373966393032353961396332333535626131326666363939
39396536636162363638613266643966313266313835343166626665333331643165343831666562
37616366383337353461666465323632643435366539326663613236346336613530373830336265
61303334336462363330333130633131343831363965306362313532373530306366663034393562
37626433383232396330623161316564373661316463343537316536633662386131643935363264
38363262363062626161633638366661303733333762396134616134623234636562646461666562
37393935396638636161656635323438646435383138336561316635386430626633656462363233
39636436643465346362623234306361393865343466336433373564363433343431306632666439
65613631343036346664656231633436376236343037613738333035323464333833326166336432
33353236343662643431636135663232646661656363376530643332643065326566613064653936
64343031386130636232376537336339653364656561353830373266623637383735623338643164
39386532653339303631323064353337303564636336666162393763646466343138636163626265
38616436306265303231313061316339653166363565653635663236626339303434653835363763
33393066366630303236663731373634323365353130373965633430633837663734396133363139
63613030323932386564353537333165316537356536643437653833613936613266626139373866
65356537353938346132373635303863373936653330383931623634333331623763663333626433
63373730386138633562666531336466353430663630646665643465636132623836653264323262
39613663326238303638303630326232333837343839326161323262363661333066623965623666
63356335306339626263633832386664383931313561306238643764626334323937643732323963
66663763616462376361303464663236366332343566303031623636616130663064646438383933
66343764346236316365343765663039623335656437353033656565313661646436636332313363
63366134636335363766373530376266356136303766393663336235666334613039343336316639
36616562326465653365333562663266353430646538376133656532343533623431333932663661
35653830633333313165343136323831373162313863356261356230333263363161396561626362
35663537623965363666613632643762353430643439626533666361373831333734333830643732
61393732303931666264393063613533356238343537366230343135333130643031613736376562
30343732613262353466306239646564646431373564356432356436323863626463343132333563
34353461356237346534653532336235353566393837396337623465393033323361323561616335
36613331333663616331303466653266393063396434663334393437653131363336363333636139
35666666303138383636386566656433623064336363623935363963646233636562636261366438
63633966323266393832633463356437653032666365616437393238633430383837393735346333
39393339613934336431393239636238356266353563326535653235366162363965653466303066
38376234303065396264616130353532633037373864633439636362323033306263386661383466
62646530633166656661396139373836376530393664316464646262626534633232386461393539
64333463616362316364303735373030613637373231666631623063363366656134313231633662
33623961656333386465613131326464383962663663356239396132613732326331666536326439
32393764303761386438653465666236366361626465363337636131333737363839653037313330
30656136356330313764613434306437616632383361383638326337386136393736663638316534
39636339636134616262313234613834366432303431303662303131623634393936393462623030
38646263333138626234656633626665663766346665303035356464663066343135653236633665
61613837326135326530643930623237633864313931613664663765326264363232613931383239
33313565313131323130626632646134616236366138616637313766633334616265333864663233
35313934663566663062336434623430343330386339623764326438346365326262663439666430
30663132623031363038316565613466656139316335333232666433653331343336386665636230
61303934666539663134373834353936626437326532356433653231656666316263356631633235
36316530623233333530666632353962623338336666373062653339356537303930623263633065
34663232373036663037343132376361653262333530356631663465386466303032323339623736
64363262663963666561623237336664616335346566316465646532646666386231343262363833
65343633326233323434613561333462623337636662623066626363336563336433623831393830
63613264666634303738623663363266353036383665366137313531376637666431353830396232
33633865383037313737346533326430393732353164336137393237366436346335636630303834
33393937366235313661336131366237306363363664316434376463316664313639653434373863
34333466373561356130316364663064306338383937393931343436373464363632366139376634
62383537656633386435396535666262656534393635616366373865336534313136666364343763
66623462383534313466
