$ANSIBLE_VAULT;1.1;AES256
32313762376131323065333433373631366563656636316333333364393339393532353737643161
3636646262306364313038313938636639623261363864640a666130653932653931623361316663
37643963373638633033656462383337346164346539363638366433366233663636353661343730
3361333963323964310a303333623166373630333034383130633866356235353430346233303235
35336435316134306530346434393635313331313063386136353666626364373934663461353439
65663630633432396263303937383133376630636262386534666330643130626631363233326266
31313931353831353735613537356438303134613737363264626333303737333431613934323639
31373133393861346665363630646363386632313562663865616630373235333063303066643666
66303236333031303965383264613366393266303436386439393837313339323936663139316633
30633061306564383936346265616333373564366335616139633131643635656634643563313237
38643034393634376134363833353762313265643861653634663133383735383537386139616334
38613361643030363535306238636361333935356630323263653034386637363964333466383637
37633738313233386462336639646462396263353166663166303565323066613062336465316263
63336463663831313632383733383937303630626632336162313764636630363137383333363666
62643532656431333361343961386335643166646165666430366535316631646564363139386432
65356635306134363465663963326636613437346131653737316333636635313961666434666130
37333565653831383932366465386637346636353165613834626661633338653062316530666264
65373761316638303161343765346463626239326261623361386337666233326263366135303565
30643666343735313865643238303737303832653266303030333234356235333436316431663663
38666362653432613932346262663964316264366432376531363837346561306364663964333263
38656434633038303532666138386431366161653535643566383339333166383466303032613636
64373166356636663265633563663535306336356436393265313436656165353864376339643563
32663832663564363133373832373639343662333262306634346365356131313435363065643632
64643465623137393866373932623863323635393266363335376534313461396637663038393937
35363732386265336264623330353431663439633635656436396662376635356162666662383733
64326633353433396637623637353632386361613462396362303831623239343564663637613866
35343761313561656130616136666131353035623063623739313365363130323432333338333662
37313633396262373065326232633838376136623334323661303237303032303837326564353830
33333037643331323961396336366666666337336365643662636335323261366137643735393162
65636139336362343530613737643436383963306631333031356439363833616362366333636333
33633931336462623162323361343763323534653632633530393138613761623433313733343937
33343362376663663936363034666161326463396131646363313634616666353165313062353738
38633464336236363631303866653765343636376537323861393465373535363961386639313638
65373164633161303134306266666136633638343262383736646666373337323263313238306361
63613262333736303763373530623734323262363263666631343963326466376566303662356166
33643962313137356239333961663266656635633963363539353765356231336233623935306136
64316639626332363133303330653136373463626238393464336461613265393033646561396233
30313738623937623866396438313663363065386366323664326632316231653630616134316164
32323266313063363362393166313864643133353435383065656334633162323336383763323234
38303033373539313137393663373665643731626164323666326330393130636532643332313864
39353434316363386231613731333539383739373237353165366165386638643839326632396364
61396430303933646165343631356630313037643365336366383662323434646265373364653036
62373339373538323539323962306331646364303864376430666235353131366561303665386666
37663339313430626365373133343938633765323636373463643762393138613536326161366536
64666132373961343131353838383831393134343838376565613839633130373566386662366233
35356535623034316366623433323262393566383839653539653666323864383731323137373033
643363623036643663386665373133633966
