$ANSIBLE_VAULT;1.1;AES256
37663931336431393035393539373765393235636163633234333838366466666330383831343265
6533303531666333373262333431373633323932356338320a393065353463633537646336326336
33656430333164323632393063313631626531613634626635626465343164383232363230646166
3233663261333262300a376661383532373135373738663337383461636530366165663061363133
36616230653463303834396139656465343338613665666339306530363431306165313564363164
63386430616361336463373735376335663636326537666363303537636131346439353138353131
31613935393133356239323532333561623465623232653364613262356163333032363833663731
66373139353934306262643866356365376339323737313330656632306162313934636232653765
37663733623835376431346133383562656635363761373735313131373330363939353832326637
38316661303263336664376636396631666561303336383363373366643438666438623631323237
31373839623234363336373834653235343530626637646661316436356662666332313434393966
62376130313561643564643966306534313938326535303365353233306164333838363866636236
34643434343435666539313037323937623061333638613536623633626234646364376137303333
34653833313234656563323965356464383132666532663166326331623762646266396139336130
34663964346438633162616138356136636532633239373936633138396332663964363461303462
30386431656664616234366634326133313839663038343135636430323366316562316430646365
30616666393539656532326234363439353465353866663335383233636666383336666666366538
66333665353265383865386135303835313464303961376536373033323731316263373062343333
36626663353564666135646661316431353836363862376237356539663932383935393833303530
39326636613564373663323461393164303839336337643133633738643236313134353536323966
32656162623765663564393764373463313362353165623937303765383832663433346364646634
38346565663562656137383238313839366364613536616630316631336262383631306165313630
65343030663963356435346638313563333030663936336536646139666362666161626130386535
64376437633538323536363031326139653663663736333366366165613338373638636664393535
65303463646430663965656431393630303862363161363864646232356338633232333361313862
32373432613531653632386362653661313165616366643832313137313466396534656365313337
33336266666633653638313764393131656665636262313362653565363339653237623836656337
34663336353763636465613938643937333230393033356162396134336464663931396235303361
35373036653963633630306135646537333038663737316465333036353563636330373938353262
66643662343964333366356565623365333038613462613530346565313431343561366539616239
63636264316231336466636664346666336331636533343639643834626239646337316166373334
34386638303165653431626432303537346466333938303861333035303230343135353062336330
38333464623138656533343534303830623332323864366662343331666165373830303134326334
61353564656133396665653534646133646536343864343061323361396264666133316530303639
33616538396632633538366632616237623061333233663566613034353335653939666637613338
66333032316137316539633434663336646539666533393833343663373139373231373461393832
32303663373039366134663431643563653830386436333233316266633863396434366632303564
37346232626561366239386436663330303930356231656232613637373764613434663539306539
33363762656232383530323536626432663535626263653135353838386631666232646238666237
65313864616139356538353162363263393666623539363433306565303661316161616134366566
63383631666463636164616639346664623834333131333061653035353064623638396563623132
34323132633031613430393561363736646262306139363938363135386162636439643534626438
38616363336633633362623433613833653362646133616265363363666337316361303936613532
32613265613762323539633734386366363166376637396562306561666165383636663630393731
64303538333533376262373235623237373631336333383236306631333830343065636437313937
38343435313063303563383365646232643636666465613261393237613861623331653930373866
39616539303439613464366230353362363139646564616664306561633631386531396539366162
34303463616262376336316433313961386638643332323166333935613935633666626261633037
38653962323736633038346363363964383636326138626264383035303765396562633664636238
36303139336632323738646131353637633037643761623563626564396632326562323439306339
30303634373666626538666239326562326464616136663336613839353461383763616238333362
64363930373636633337383136346335653834636666333762623064303430643731363635636337
38306332663838306630363239613562653132663135346333383163333165636462303731333834
32653133383263316130353261376631613034383762396431663431623634343338383631346439
32636362386532613664383838386334353762643366633836333364623131623630653939656532
38323134383137313736
