$ANSIBLE_VAULT;1.1;AES256
39393632313766393266343734363462653338353430373463646437386337383064383032373833
6235316362643339653031656338303866336266376532380a336563393336333263383236663038
39333065346638376638323238353566303765353035393665643736313462633439393237653832
3364363235643133390a373638303739313239343532306637313064643337323636623263646366
32353437623566623333643134323863313534393831623963313463383935393933333137626363
62346164613838653262343332313031356630373030313239373337353263373336616238343437
66393966383561333036303531386466336366396234383661646433306266646431623537653662
65666135396366306435646539376238366465393963643039626231643362623565363634616163
63386334383837333861633065656438333964656361393731323038396563366232333161326266
62613239303464313735653231373638383538633434633965376539663462393466613966306131
37313238353262633834663338313636393231353930363833626537316466666263383433333534
66393731343236323130303336623730323462623265376363313265616636333565633230666666
36633161666666393463393736303038363232353532623935393362343265306337343735366565
30636566336130643837626134303061313739343736656465303538323930663738343139306238
39333033353232376462666565316461313937396564623232333534656230316634646530643162
31303266623139646537653663383263323637623034363830663236373333313232336339313164
66316632633063303932663536386565653237313733383236346137646465613564393733643162
37663234376539666439303735353839616566636630363938623037643762333463623164653534
35306634373136353566323866633239613733643966353239393864373166323535653462343262
34363836653563356364623664346233386130336164303231343263643636393432646137343034
64646536643662626564656339613938613166643763616565306238663964306430346332343861
39303264623637326464383361343838333230393638633765366430633830363039636437626236
31383164376161643065363736626336353634656335336135643761383531393566323566633232
62643738643561663035666166646336616239373063373234663937633034363436316632653764
32373364613361366361643936396533396239306265323934316633343664386433373332316461
63656536323962613662663836663130636237393832653532396530343264613636653062306662
32663664633035343034383132393535363937653364336335646233323534663334376164393266
63393061333637363233323433356562393766626231623436323861336531346134633463656161
38663034383339666464646363323363636235656266666563383635656130643035396530633631
36366431373165366365393631356436333532373636663562323536663065373436383538336232
34636265663733646631316633313838626530366334343861393235333136663062653462663930
61613965376564616434373039653265333066363930386362653834653632396335653136326233
65333237353661303230326363323835666131386361646132646431613161636639326433666361
64373034663264626466653831653465323739643263636366313463386364333536383136376638
30656665323665343834613038303663323764363733333365346463623333373332636432323035
38343165636463626564666261383033626335646239313665316336633465313739343032643039
30663032343766623339326265666233396165333065643366626536303164353337306265373236
62356432643566323533613634613361363663646665316535653366666166643032633930306364
35393261396237323230396635333330313361323939376263353330343333376334653966326666
61383239383636393632343732343637316433363763613761653161623738303566623834373965
32393862306535356430393966656135333934353562613434663064313462356332313964366431
35643838356663396432623763386634306634353730333432393963653035376632613064303939
30336163363035373238326538623032393030313337396162656436323838646562386465663736
31373566353237313230663363313038663936666533633136313235313065373534366138343635
30653365636135616264306133646137656263383835373833323363643763363734393231656136
36643430663437613166376532346661396231363130646333303636396131333966363662616335
38366561386536623665653233326639643037336138373737353339353339343639366261353035
62366137363436646532663039313264643132663238663361623930663264396233343433396566
66663565353536343231393564353066633962653838643339366638626236316561653338656234
33646239656562313033616437353831616138316236323964366637336137333538333932666264
66643665356230306264343065613761636566616133353935383362323539313064373765613637
36383139333264313261666564306130316662383539386633663535333839313134666139636463
39626130663938326537616636356633353338373331363236376531316236343233336462393232
30643365303739316261383233656362623362613362663262316562353734323633393466373261
64353162663162393030623961383132643835316666346161663838343034306166663837383134
31343062373836323336633361363034653535643562376632613837353635383837393933363239
38373661386436313131326564613837373630336337616163663462646133633765373639643666
38306437373033643230383265643562316636303533386230653736616363656366346234613566
34383734346639356264393931646434306566616661373730333536323361356130353737623230
66636634636438306362316133363733363333316432636363366435643635363431313735353866
3639
