$ANSIBLE_VAULT;1.1;AES256
31666634333134336363623538613233323965376334626461356364646634343334646137353861
3063376565303637363030656261393165636639316463350a643134663366343839366332653664
34626663346139326337373433653232383262636437666430366136663331656231343462646131
3731326665353835350a656230396661643961383663396337326131333233383330613763666338
65336234626165336239363064316166666465323833326436333938376430313966333562383032
34343933306537333162613537636166313161393763653062633431633133343465393465633836
66353630336237393635313738353937323335396561646262366339326131313261643961356536
37646638623864383633323464343966373734646132646634666362333433316232643765386438
37656632623861313435363734393538343134336633633662343433313139346565636439663930
61386435333863376630643266636337316234313235386633633066653331323937343837346663
37653430623931643862643130343838303234396538383762343461343933393765303264346666
38356433616137646162353733333865313834393532303464613831396533633531353662623137
35623637656535623235343035303765643335366538306265343538666164316463623331616338
63636335663531623537643430303663373833396264316132353936313936663736323965376635
65303638373235356538376265623430366161643336613737323233343532303138366565326166
39313439373430663735613838646466343433323237396666636261663762653066326633656130
65386231353533363162656132313462616332366139373637303639363039353335303931343431
64363737363936623931336633376261653366393235373636623338623363353361313664346561
66643634666438656564383531653162373763356535623032623737326637333036333933643033
64303838326437316163356633613662636233313563373438663137343439306538306265383162
66366566643764386539656330383962343966313935303036323939623261333437613064646331
38643565666364376365343234386632343438333637393362636536616266663535336238313336
65613134343763356562336436373031646461313165636165323832383263643238356564623533
32326637613662633961313365323834323362366436616235336366633231666461366133313665
65303639643638613161313565346337326432326630643334646163373633383737333262616637
34373637656665653431363039393331353330303563666235643437316431383838396237313965
34613738316339333765393265323238373733336133616532666439656539306637613364643237
31393839663266643763633334396233303236656165393433633331623466346539393336643466
39363031326564633566623964323365333535323064383162333063636332333134306465356231
33333332373935656538643238646166333430306464366366653036653365663731303731393963
37363766633933653861396439393339623966303637373734303331643061396430623832356239
35663662316361613233396263616233643839303533316133356339373264333762356636626462
39663334353232633531333539316430616538616263393235323539393332613465346533636265
63626430373338613430383662386236396265383831626263326235313461666564653934316566
37663738666164336432383461646338303562613265393864303831386637363562643034313261
38333164643966653433393830356665353134653034356161353037373863373035613939366461
38343536383234663264326530386339353165376635393463373430323131666361363366343332
65343163626631316362666133623230383031613737393631646338383831306430383538656539
39633838653163383435396130653137633466303634333332383364633364366133363331346132
36366563656164623836383630636534626631333665313931633866376639363866323631626530
38616134613561663935613430383431343763383930646263376333396233643161393133383037
38333331326635376533656130613834366630323434326637663262323361383238306230633039
31386264313434366639313662663538623161333731316261643464663161353232656663326130
64323532356437353634396135396264303163376333623465623565616132656133343165393234
32323033353761316131373234383063396463393433643065656262643631363733323566643937
34373166613762353764393263346239333533376535333832633961373963633265646237633666
64653334666530623134626635663635396232653765653162663361643131636632363764336466
33633030616362336661316631656132393733356230643230306164643165623737363366623935
34303666313530656263343332383338613530626330323363633262396133623432616362663137
66333433643138326165633531353134383461303338383965363331383337333439316330376332
63313333623863353864626362633634613163326135306538373235303430383163653838643937
62343830393933333565393932663062626637393137323136383239663531383638393836363066
64363163356331366134326264323233653639613633663037323838346137363561333234346137
39633035356230363862303961623233393338306137326434303266333165616534376336323833
323664376364623630666135393561326430
