$ANSIBLE_VAULT;1.1;AES256
65303531393039396462633066326365373761666238356434656362306262313531623464333239
3039656466363762303534666135396339313334373763640a336361326130393364623939393935
37373338336165636661323233623461393833646632313632313139353831653833633163633363
6663333130356134310a356363383164353130356539636537373937643761346333633138656634
35313934646562653032383037663864613136656237326462613564383039373133636233313437
65636634303835373834613664373363303234303766356162316265393631663730333264326538
65323862386665633162333235393738343638323337353166656366393836393731623736613939
62313065653737303038323634386562666236613430363863326462663334646630333839646134
35323034656532396139323136656562353734663832383931313734636431626164326263363361
64356133623264376131353066363265326239393936653732653636303730366561653535343163
35343038316138653535333938633766323037613539643336646436313663613039653335346535
66623563333563643034663632386334316234333231373764386662323739623863646461373039
33366464383162316131376335333864386633393565303666376661396564663839323234366561
61613638626663643661343137663364336665616536633238656663343231326139386563623266
65636238396333613262393635376466346635353537383764326264336139373861623434333539
35383365326266643433363638376665666664663062303230616565623362396464303563346166
66353732626433353365663734626335613766303564656631336334663066636535396663646463
63383265316139346333363762353662353632643461663861306162646430646230663564356666
39666465353431636534353032613164363763366238366365383263306538396334633737316332
30323433353563366361646632366237663931353736663661623134653332386462653166326631
38633133396163643631326265646661376239643061333235626533326532306363626631623164
30383031646633643338356136353662393662313762616635316637383330306436653932343464
39393130316162653430626331626364616533363837613634643138353834633364663862383133
32316237366364316636363662333136613866323564353738646239373662313738313432373062
65316661396230336363653230306566333434626138393066373935363432353762356130313833
38623561363166623337363738363164623537623534643130303032336361353731313063626638
61653430333564643462323830323238393635333732393962633966383438326137356661336166
30646666396661633263383862326532356665313632663539343836383733383930383734363538
36363339643331393535333639323430303131333864326661343332333365306166343465306631
64633637343839646264633564313239653764356162333933396462383166653663643234626139
37323734323363316331353430373563666463336262663637313032343639613861623333313430
32613534346337313865386262653634656138313662623434356632646238336465306437633464
31383631303761623163636162313761383638656438663730303830373035306465363036306534
32343065363661366538363530626537343863643961656635333731396661363166376539376564
33306566383866396262303066663838393333393664346566613539363139396662313932393034
32636565346266326166336439613338643337363061653234326664373163623363653530343034
62653263646365383463303761393132396433626234646636336566363164326466313063366665
33346662393833353763643361376162313235346262613231376530353330333465373039346662
62633835646430336661633132323738616362616539323235306563613634393335383162366563
31623430336635643362353365396162623935363366323433303034313366336266316666656238
64313237346234366431653961363966363264613362633933623764656230343232396539636536
64346463633937333834653634613637613237303539656438393133316434323234643062626562
33353031353139316664616161663336333438396538313563643232396164333031306635633634
36303761356139316137353332633138353138363365393039356238393463393935626639303130
65636439313435396631316639323338376663356332333333376136633139363763623161636662
62653863323530646436323138323362653263323230616464313061616165316265356132666137
63346163303462663564613963386631643263396262666634653638396538353830313336366139
35613435636462636439346132336138646331353530663635643364303831353331636630363461
38363634343133303864343332393865313864653537376333313565313539616631636535636335
33333637336336393437656334633862393163333631363566626331346634383661646234363331
34363431373164366466393264396338643735386361643661363638366238336265343764663561
63666464643964623761343963643063363431663133653739356530313235303464303538333361
35383661626138393661633966386632373338613466613937353131616164303536623730343335
32323731313161393437396437623134343333623965316266346536343130333966623036656461
31396132633939333734613839376631616136303239383434326230623434653165626161636566
33383735613030633562383363333961613565366532656237663838326165303465303038346166
30616261313561616362626664653539373464383135316134656133323330323333316534333731
3639373132343531626162653264366664386564353762626333
