$ANSIBLE_VAULT;1.1;AES256
33383365656264373139356665316434613336343866336630653232633664633163356235613536
3632393437633738373936313866643666383235623262620a393565386133626661343161663665
61346464323963363939383564346132373462653865353064393266666136313138646538393863
3732326534353761620a626632663838356234313732663633363630356230366433333938303439
35313334616432646437613839623934366639386162626165623832616436336136383330363037
61366339633461316164343864633762366331643762326130363166366639373632613734386135
64643339306237613965316364386665316264333934643532383861643133383432336463396134
34363739613039613561366233333862363732616161326639313830363962303161393361653466
65613262343539663631663730316438343361323631646563623137333431376130393031643434
32326231343731663935656436373735326264336339613532393937363262653163373236383437
65366338646536616364653933393036613764303963303765663035376461316563653332663764
30333663343731643064643934323664643561393964376134396465623865316362303934646332
64323930313330363332656661323865643565376364656134663331613562373861666637333161
63343130663261393231363137303332393534363863663535386330633164373334363232653361
37343863393365373737303865656130666137376635373365336331636433386231386163646630
35623835363038343861396336326562323966353339616333666632393134393537363065356264
38376266363131306435303733363532616233643237396438663135336637316236326261383132
32383566373363646430383232326366336165316264656531616336356638363637356361353638
31653536386163366430636531666233653161363733623136363663623535303336393731616162
64336536613039376532323663613362316131653565336535383339356231323430613936623531
30663632613763316330646532396131666437663735623662643938326233653365363733643664
37393735393864656130616566323065663065383961646330626666623862646463646433326465
66396262343361313462376439636330636365306335333162646266353535366564396437626465
65366539633734613162633238356432633933353339356562333464346264373138346263303939
33373630663161326334613739636362323734363963306164323561653133653530396234663930
37626237336632666339363166343335376430666139336434616633303234636163316438326564
31353062323662623533376433363733636431343638316436386638663063633264653566356338
34353963306365356335393837376537353835306637323836343361663934363433393166633333
61353038356235313737663263393239653065373935653636393737323333336664313536333939
62343362326261333632616532613966666365303031386534643430336434323566623631386236
62353131656234353362323236656530306662356639613632326330633330663038333166363633
66323537326339333330306137643538333839346664356134313136393939613262343336636265
30373966363330346363373635613663633536613863636334616232343764626338333033373238
35316337636539393563356230643635356232386366393032353463323834656466353933323033
35626531323936656362363561353832646439393562613137313030333030663833343064616139
32316436353834363864363333616664633738616566613266356337646635373763643232376561
33383231313035663530323838663161643862386433306435363733666462666136626664356331
62616433316637303033373739303031643435633466623964643763623265643336336131626663
63353236633061393838663136646661636635626433373239343534626632363031393261336331
34613635376231353062306433653931643461323038396339343432306663323166373936376636
32313630643639316339343463643134363164333239366461316138316563653964613764316239
39633630663765336130303334336336323535616439343663323064373837376663376334363038
35663461623633623465313437373238393435333437346266323733656132393831383763623635
33373761303965323736346536653331656361376335663462626431386366393862643563343861
33323739353062323536633363336332646439363530363638356234326533326463633730323538
62633963633538366263316636313035363036613766663061353265363765383237616366626561
37626165333134306138656562623361656263323765643533353339313666353532663432353539
36343033633231363561
