$ANSIBLE_VAULT;1.1;AES256
34663231646363636538353864646464333739623031663265383137643865323561643162636632
3330383736356439663163656130313738343566353238620a356134633135656535333161396561
62353732383532623335613935326465366535363730626235333435363931396237613339323832
3835613262356131630a353130323330636564646163333039316664616461353462333837306363
38643833373465623330336434316362616631366436323337303434623162343935663037366135
38663830363737623536646133346239623463336138393034333037663062363938333230313530
35653731343931343235623061383463333535633831633162306135306330343363663464356135
65626632666365653832356263646463626533616239343235353965393562363032666430343963
64376261663461663330356362656632393530313332653833613863643061373837343466313931
65363666613939643936653336366461353766633263626561653863613532643166666236363463
38386239386339336139323237323065313761623662343437636363343763373966323536653931
37653039633037666566616439653039303831346432363361386238346338373232393266316333
63626331383364646634353132343830313634383738313163316437336265636339666364656433
61383564626462333537386539353731366466323062396238363337316233616461616633363038
32666534303836656139333162333332653664633334383963373261623536366230643833666664
62383439633063623362643731633665373232343337323161353933373336333161376233333763
35356139373736613434613435393966653062303066626637646332306265663833616430623434
32663935623431333537636462306333616536313164396532363031353931643861333533366336
35353133623362646336663663633939643363613264333235643933623438393039383366316335
39363533613166663864656337623564353365636332643837643565643362333033613933393765
34363666316464393030616461323132383438613161616232663530633064383465373331626238
37306166653261376263326230303139343235303034623761396265396133356561363465373934
31303232376261393939313637386333666561373739323162383565616563636164636663346665
35616664333062616137373234366464346366376666356233326533653363366339373737353165
64393066623331333661393335383533636237643235386564643066386639363330616238393735
32356362353038313934343438306664656632663831323232316263646536396431386463313761
32616463306161656162383462626463326365313062666166366464666439643566313262303835
62316531353037646365626537653730643861376433643364376432653661396266346565663436
61356365383264363064383738343239373935346238336335306437653164356361643833373830
38666630643939306164353537313338353539313436366435343463636162616438323634363033
64626333373632613333663633323138653731653236666536396436646432333739313635363932
61353139616231646239396263303737653266643136343039346634323637373236633237646435
61646665616233326439366565313137613633393661356465316163346438383137386661303937
64323235393433646338343630356432383435393934313139376330396266343131366337343139
31333761343663376263383635343339393239363232633639626130643936303464386538323065
31383434346163663430373739616635383735393832653732666232376164333163636439383662
37396636616639343366316134663033376665363434373065626337383764323933636535643234
33636239323832383732373730626662613666346561306263303165383136376664366166643361
61343431636230616237633532306136643466383034656535666462653366306638613131623538
36353936386365306464646234633463663861356433313235613562303739323731383234653162
32393830326536396233323834353263326232383438353265353061383634646531373661313932
33383931633933643134663561616439383133643535393431376333646232646461356432353438
38323862323737373264666433396632643530336434643734343062386434343635333564623838
62373663326536353637386638343562323333323035653661376664363737393763363061623436
66383532336536303963313235353261333237383464626535343030323531653066343934666165
63353937396638386161663637383063623034656261313764363936653261363735383237613533
31333564373762363037633137633036623134666433343138316437613432396130643335323433
30396331326162353238303833623438623636656632303835373136663536323334363762663763
6231
