$ANSIBLE_VAULT;1.1;AES256
35343730396465663735653561653365353830613432353364323638343366656331393031313063
6337313334613931353162396630646436613131333537370a633935313937663239303761626561
35616665343866653836326234333935653564323337313338643561373062646632363036333662
3261636534363863360a656664303735306664353434306465346133373433333366376435356563
30393838646465353130343061396530363065633463633530356439306430636164343738656533
63656339326465333264383230333263623130316136336632653164343966306631376232363965
35623863653635383833666631653961623730663764633364613264316465376431653662303265
34663162616264366632323536643836366561613462383638653661663933303830623433643464
32633666383639613534313230373562623437613961366338323236343830386639386562343838
64333435653332343865333939623664393032386436323734373263323936356232363331613863
33346437336336623137353865643830633366623134313939363066323263363636633364323836
66396139336264343633653331343635323139393639613938303765626531306162636231636231
37333161316164306164313038643935623039313662653866366436326133663132333036393635
38393037656633386136353737323238303362366461346161363536623332643739376631383533
37333561316137663034636464343265643739343735663361643665383234633836626531666666
62373735363531616337323433323064306161363266313637323439333963326333663065333636
32633031386532653562366537646138393765323966626637623233396265363939333134363863
66326134303062376139623137383030386332633332636462653637356338373839633938353961
33663236396633363439326337303161393065346137323461343566343336353238333866393238
65316438663033626163396632386365343031666532376138363938633133306665663863383934
62323264346639346266343739353866643537396634393565376236393239303764303337656562
32643836373739663539353764366239336530376364353439313533303364353363663532363332
66383662356362366335353337353337323062353636333031306364326234303264643531316235
37613432316265666635306432663762633236353534336262326234626462373232393638643366
33303434326238623137383864323832303766663762393437313032376265363534386537626236
61643664383061633362383533393338643739666232663134313465333630303263333232633339
64663863373064623566626234393931653339623164663837616431333731313061616432303730
63326462616363666161653664363831373336633939643437383465616536363161346637303138
61613439386561666332306265653066666664336665353262346363373932363166333635316665
32616630393435306433616264343736393361303637316365623834646637373533653963653630
37666364323033306433646463396162343364303465333032633932353739663539366535313135
31313139373439333936353537373939363739386538313733333066323731356437656163636433
65353236633064353964643261303163363135366530346332396664663539623030353138373361
62383731386338306466636534653434383964666564373938643364396265313937383265656634
31306439353037353136323062633039303331333865343465383362663365333963353234656138
33313861396439663664323561663762303265393437343033336334633963356265613937323564
39376164643736366366316162313737636564616333356336636366353139646238613863383266
34356431616239613330613766346433303435373265656537306261343832303731313862643864
34636530373438313239366462396336653331313330643963356133396231393163396230363036
33343234666566393338373565323136336565366265393762386662316366313962643039316238
66663365366330656436316438353334373931623834373533333664653365656631363062643030
38393733306232633736363232306539653366343033326236333730633963366631343463336438
64313565626437613566633161613734383731633838326464393634353237646332306231636136
37666135303531343965306634386137663830373665623665343564623530383636613365623838
64363166626636623063343535313638363262323735316662363163623761313462306163626464
66396165373230623362353162313139386364396630303464626639383666396635646333666464
37393636326162663438323130346637313466653861356431356133626264396564643737313530
32333633343765396566303165323234306461333939393864663066653938666135373466386230
61633232633534303932316536636337343266316337653438363863613333616633386464323732
31336230613262313830393564633062646138666636356330366566613837613261653663613362
30616136623939616137636636303239376233663363313039376233663563323230613863383437
36326639383862613231383563363430393132643133663734393662396136343833643139306437
35396231326338376161613464616538663237303834313838646634613664313339356630656539
61616665323437326262363337663139333565656365633939336330633736656634663462633166
34383066323031653332346664326231626634333462613436343365633939663831303261376265
33613833336561356531663362366537353363646534303066336562306331313262633739396366
6331
