$ANSIBLE_VAULT;1.1;AES256
33376231613831646231616565663538396539306361663162343866643737363366666132336165
6636636639343365663136653730636432633630343963620a666337306336323137383832313366
31616639656331383665386431386238663261376362653235313231373437393532373864343535
3662666564343832380a343839313836383931656236663630383434346465636330623434653965
61616131393061653239316366323262333835626364646330313666333032626337643039643961
36656333343231303165393564343361616432616662663164663836313933316261356634393630
30383138366266316462396165653538396634396164363338356230313939373733326237303132
32663234616365663636316339396435343266323761373838333938666638623765633564313835
39646165393336313165386163306637373566626664396663393736316231663335666565343039
37656630343735313739633430613730303331636333633864636361336435373663353636383131
66333064626433393265326336653135613963363237373366333161626232346331643966643332
37323334663633643733323038373262646334386239643863656665633639336662333832366330
65623438313661373036616263663038303830663738393230386364323735373962323065306135
63313037366662393262373162656431363765353930333862323636326264386533353038333936
39663332393335336431326663356534383535336236336531373631626363316262383565353563
63316561613761333236393866396534346662353262343166306332376566363631313564343666
64353537613237323031336531373737663339653736333733643465393531393465613162313261
31386339323666653237373539643162663765623862353837303731313832316430386335313331
35316564346530373736316132396165336230643462643062646335393332363533613738623864
39336633633130663535613565373232303932613634393165613330636232326635626463653032
37356436393562646635323432356337396535626337393034343632303765643764656634306533
39356431663938633034613131306535646635353962656439383433373365646534363236386637
61353764653765303930323066363135653964663037306663623863316530653230333031313433
36343430616335386334386666323337366231353961616335386465383232313864383663613166
62633162626166626133636364373165363862386663313466346366336663613933366461366433
38643662386533323335393136626166353639303835346632373532383537643635383237313064
62316166643933313232666134613335663430343636316563623534323863646361313466656465
35393332343163613430353038343562353763346231373066613538323334633363373062616537
33353835373532616563656438333830343539393063333362373038313565613939333332393932
64336439616361346230633032666134633161353738316664316538653866633962333338343162
33393636636362383333313336663566373738393261623231383635656263303365383034643662
31663161376532313366633730646334333935623739373933323864326162663834383430386633
38663861383036633739373239363439303062303561633638653266663631383139656431356535
31656564363531346130383032383765313562313738326439383261366566616461613163643534
38363437616235633338393065323262613063613364373136393866653765323136363562326232
33393564323164656439353637346262343930346431653930376530373330386231336536313332
31316239653661613030316139626634613632363165383732393132316265373363323031316637
30636630626337363135346437363834303364626261306433303861376263613161316264633864
65333964333361336534373466343866646133353963373065646636373765663530623736316331
39663833666361656532656464333634633862363965616535353438623265306334373134663438
30643932623162393663336336633135376531613936303461393362313130663033323065313865
30656531613536623634313539386537363364373363353139396531666464333338313132386532
34633231323635336635636434616534663834333262633636326331383632656631313239316432
61653239353139653135623832306637373962326435386433303163623738613361626364313630
31633936346436623662383431316132383736613061656132646665363935313663393365666138
6265666461653132666264643035623433363638326665356137
