$ANSIBLE_VAULT;1.1;AES256
34636636306433376630666238623335363963373761646138623632313363393435326536656435
3831353830343531633336393765393762313366323330320a623265313830383738323238623137
66313365396664313835626561366563383235343565616361663034336266376565373862313431
3834633436623737390a623934373963613739646462613736323366666432333937343335366264
64336662643936646331353566323433666465646334336136393061303466303632393065373431
63623063356565666233393534626161333066363837353666393438316362373462653234366663
36623039633036626463643266663762666337313533366666373133396362336331643933656332
39643330623630313739376438646562323431666135363366613336336637666337376631643963
33306432653463383835643335383133323139363530386164346331623534366266353663356637
36623062666663343763656435306361326365363862356338346538623935333633656363373236
66373861393263356431393436643435623931373135653930396133643338346135303263396565
39313131343234356437643530363437333337363036653763353965343934326363393266363134
39333762386666313536366130646334383833663639636532626262613438303562316330663338
38376263626432336537373863363334376261343232366365366436646338333665663835626239
61313931383630356235383066386433353364383265373162363833353032623462653235383563
36323464326464353233346436353631343937613862663465303931343430383561303362363961
38633135353731373163633661666566666262646138623432626265373938376632363537316435
38353534353937313831306430373732303136363733343833643665616432373064303763633338
61313136366365666332373034313863393666383133333735396539396233613733333631383536
38633535303536343638306335376435353632363333613533663063353530613635343764663263
36646461653636626532613063343333623864643663613534343261646262656261333030643465
65613938303730366337373435343939303230393365663938653433636436363265313730396265
31643264353137373561366565343063343639386166626264306361356232336364306333323131
65393833393764356561336138326638326434643136633066633734323632636264383838353738
61306536616333633866323865656264346330623731333933333238343766393236353364306165
36353634313932383731343734333430656632623565333663613137666139306435366231323333
65653330393437323430386332623764343536363531356464306631626137643762666538393039
32373435393561343161636634383936393866393466336536386661306139356333356361653661
34363133316135373931633961343163643838666139656630636130383932316164626437383334
38373861613332306434343030333235626162383836363837366634313565393733353766393134
63346332353436333564383233646136303632336266336362363332663863363737396230383833
61656136396637313764356232373837336561393864373536313034383836336537656165316464
63666662396632666165326139386564363566383666353064376366356263653230663633376361
31616266633361316163343165326238306332633434666637393132623432616235303335366535
66393132386565373261663665626161303135613161316166346636383533316561303438656438
31393032336364383532643636323663343530383438343535646632373135366335616365613933
32346537363636303165623836336366343430656666663837393538663035636637313934663064
39376365643463616439346139306462316234323538613430366436303433653536653033373834
62336536633336313533653734623038666530396533616130303265636639346265656533316139
62623234643365316134313930346661653438333637333234393433623131313862343335663136
30343031363336323733386564616639396531393531666233616264633439363235663362626661
66363039383564313338633964343930386661393265303964353238383564646434386136316239
33323537613466333734393235653237626532623266663539336631363239346330323062666638
61353465666336333036373931616531643535363930346137616334353736383431396337383737
31313566323438616561303764623031636332653237383937306339376331353436653665363334
30623134623232386138616366303362383963303165313232623563383564353065343166366161
65656361623231663531306537313563643662353365613662373033303139306365616661613236
30373330356433633833623462343664363436323533316230393231623430353730656165353061
3532
