$ANSIBLE_VAULT;1.1;AES256
64636533313431646665343039653565343163366566373838353231636532313631613735613234
6335333066343562643761343361373830356161316461610a396261626630663462383464356632
61646364376361616264306538653562313637643035633830353664396165666263383862306162
3264393133643464620a323862393934366639656335393437643830373765336165333038646339
65636439353437356264633862643230316666643732356638666666376532646333313863363139
65323137383633363038366634373865663663313962656266376437363162313331353563313264
64343461623235643266366661343465323930633735663532366539616137393066353839643333
63373162636331626534666261306264396232646338356137663632306464363263396339313366
62346238613261393938613432383763343035636663353039343461303535346137356538343664
64633830316237643534306666386636616436316639643736386236316466383238343734363864
30333930653966633664663861333062316633663562633238356564353565323334613239393661
37363965313831346565646532663866323464313539666663633733393965656331313861326236
30663931343938623666366566646566653639663631333663626565303439303235643134656532
65353932343266616564663365326130303739653730643361653731343931613362656261336364
66303165343166313933373830353039396563376562343738326364333434393462643935303139
62663532333432656262316531353339336438366232626663363361353565366432663461316664
32626265653836343539343138356565353662646539333566643937303062346333336233613230
35316462393936393437626538343663383961383963383662656636383366333834326136623161
35306463316465303561383866653035343064336138626232666238333234373134306234383964
63313865316164313131313637643932376365643039393965353063666235376638306162323665
31636461306561333137383932626432333431663733626438336464643563363164306363393831
31623935323261616333626265363934316164373835366332353263386366353965353364643731
33646630313436616466383462663339363766376566303165363661663531623330636461343732
34336161633930333734376334396662383463383861373536303864396265656530386562316534
61323562353539653139313238343438663133396363653763633234643331623732363164386136
36633834343039396137363738383836363133633163383865323731346231343230303663393538
33623962326336343335393033626136643139653763353133643761323462653930626232613634
62383634363466643638323838616434396464623734393838643236366661646231316335393366
35653432653762653838393932623939363634653465636338326163366534633138643735636536
64626138656162653330643934663730393832643935323135343539373261616565376363383232
38353233663736363934633765343730363661626532383837316365393132616265376566386431
65393137336365396531633464666264633165383066306166346165643937376464613066393137
38333764623937626365306263313037313634626266653031613137373334623239363430623734
33313334353837633832353036646438373331656634623139653066663339373730316634666336
30346430633137633033356365663566343332386365303765316139383166643439363639306666
34616162343035316265303438356639393132623463623966343061303036383334343963633734
30613566376164343138646231303436636366323830656466613631353365363838636131633366
32336630303564646565383338393361333563623666333133656433343831646535653032343861
31306663653061623264653132653031386664353666306233306662326433353539313761633266
38666137666232636362653433316538646161653436316633316635663936313130643762393330
30616234363934613239373731363563306263306166643639626538306561373434613530636132
39373661653135653136626633663738386237346239383464616565373334666564386231616638
35636363356438383066633831383664316230323031613163663264376532626638306539663336
32373132646435633234633263663466616438636235626164656461636662633336616565306236
33656332353462323139613139626531303736306663343163353439656632626432626364383062
38363761363065343733613631353464646333303532303434333935303333373130376461643333
33356534356131363135323938353739613036343234636130656462363832663334643731323635
61626338623339623738313036313633393737636335643765323063306631653266353939613463
62313135366234303633326436313539656436626437363465356561643064613731643262303737
65666361636536396432396230383233356462393934373232373636363733346339316634346432
37336634386333386363636435636365616639646530643138326135306636383431303339373565
35363536303931636436396233326130656330303736393966383536383336663633313664306464
31393137623137306132383662383035373133383038623434326463646265656631393135653138
39333433386138303565633131616666383962303138306134373535323364633231636636653533
38323862626630663663613933646434626563356563386634353432653063333933623630666363
34316330343864643165323838323665343261393737323362383735653562353061336436303235
6266
