$ANSIBLE_VAULT;1.1;AES256
32656437646633366237386535376538396165613636323261346261343536613862636662653061
3266306131363366333031613833353333306662353236300a613630346562316239353365313536
64366430396166393936313330643638356134636131393564303864363432616639393065313633
6139653839373437300a376530316230646566616633313562336636306637353362623333343933
65306661613338386138663636376466633561353732323638633666653732363762333865393962
61393363376266633335386566366265376530376562663863323463623838336636353736333635
64326130396563636331386363616563353338316531363833353163393662313335303938346262
63333831633135373138383362646535333231323838353336623635633662396461646431663465
34323136326533633239333161346130646633306538633061306264373833346464333733663839
37363639353662326662386563373332383034313761386338386434303330333236323266356261
36636261646166613638626130373065313934646162633639616132343264333732653561666664
34663461346432386461353039623930353035616662363739373130336362326562646138636530
35643832326636386130666362663935353061316230313537376164653637313665303766353033
33643832323936393437303066633033343139623762323864323437633533333938393864643937
33643961316438653632363665373533626533633166383562303662643036393366313061663130
39396630326134376438353161346464353066633538346139656432616531323537636263626438
62373633356337643230356235633635623530626161633630386666376465623966643964326535
31616361616233613638633532343733393933626261623332323734383463656336653666343634
62346365626364343834356239326430396662313031633161346232616335353535366238316165
61653439363062643232636564363063303931336462316163316533333436396561346336376662
3666
