$ANSIBLE_VAULT;1.1;AES256
61383965623337333331663036363039373237363131643362663163626138336463366531373564
6466323136336233353335636264336266653438636631660a663265646566626533353635313533
66396261656537616437376430383963623939643734653264623361373336633735633838373038
3737396631653365310a393839626163303737396630656631353937663066386531613865343363
31623332333530326135613661613464303130636632373333366133343933393561333262613837
33653366383063353035666131306134616466333133643635323935333664356262646331353838
31363131633530613661663934393937306435633165376432633437366538353332393765353533
35343937333065306564633461663233323566303139336133643063613538663161343765633461
65303439663134636138613336313864643639366661613762393435313962613531666139373964
31633732616237373763333536353134303963666461303633303132323331633761373235323037
62383634373335383936323732646263313236313134306530646539613631623732346163333431
63386332323062613765633530646264633431656633333362343663373833623566653162326438
37393661633265376663633232633965393564636335663133616239303035303934643331393433
36346666363431646265663833623639376562616431636133363661356461643733366637303735
37653130376136306662313931363538633462666337656530663366633631376164383336656162
66633132636633353264386639316238336137313632663231306666313630613632303965613639
64346166343634613937633166316332343662313531373064656263636536356236333033393238
62366561346462373966633032386136396631643063306531303263353030636137623239363834
34383734383937643661356639623363383831343464326666306330363763376332626237306433
37613762623464646164636538663337323231636131626462386431633735386531386661613434
61393030633836663036313137613133313637363333323433363566336634623166
